# Array shape: (20, 20, 3)
-1.98   -0.22   -0.66  
-0.42   -0.03   -0.35  
-17.16  -17.16  -17.16 
-17.96  -17.26  -17.97 
-17.96  -17.66  -17.96 
-17.96  -17.96  -17.66 
-17.97  -17.55  -17.98 
-18.00  -17.39  -18.01 
-17.93  -17.92  -17.55 
-17.85  -17.46  -17.85 
-17.70  -17.71  -16.99 
-17.36  -17.36  -16.52 
-17.08  -17.07  -16.21 
-16.70  -16.48  -16.69 
-1.17   -0.31   -0.01  
-1.14   -1.18   -1.22  
-0.97   -0.76   -0.99  
-1.41   -0.70   -1.00  
-0.38   -1.58   -0.68  
-0.23   -1.39   -0.40  
# New slice
-0.10   -1.56   -1.12  
-1.32   -1.55   -1.82  
-17.63  -17.91  -17.91 
-18.12  -18.13  -17.90 
-18.16  -18.17  -18.06 
-17.94  -18.30  -18.30 
-18.52  -18.52  -18.00 
-18.76  -18.76  -18.27 
-18.72  -18.72  -18.17 
-18.59  -18.59  -17.99 
-18.46  -18.46  -17.79 
-18.32  -18.32  -17.52 
-18.02  -16.92  -18.02 
-16.78  -16.77  -15.85 
-16.46  -16.46  -15.38 
-1.21   -1.41   -0.09  
-1.00   -1.25   -0.11  
-1.99   -0.34   -0.25  
-1.22   -0.79   -0.02  
-0.94   -0.08   -0.90  
# New slice
-0.27   -0.51   -1.31  
-9.68   -10.24  -10.10 
-17.99  -18.20  -18.20 
-18.35  -18.24  -18.35 
-18.29  -18.47  -18.47 
-18.73  -18.73  -18.30 
-18.99  -18.98  -18.52 
-18.46  -19.03  -19.01 
-19.16  -18.26  -19.16 
-19.16  -19.16  -18.02 
-17.83  -19.21  -19.17 
-19.10  -17.49  -19.11 
-17.30  -18.81  -18.79 
-16.85  -17.79  -17.80 
-16.35  -16.48  -15.08 
-16.09  -16.09  -14.67 
-1.48   -1.62   -0.69  
-1.39   -0.42   -0.79  
-1.07   -1.90   -0.68  
-1.34   -0.38   -0.32  
# New slice
-1.10   -1.03   -1.20  
-17.62  -17.62  -17.65 
-18.26  -18.35  -18.35 
-18.58  -18.48  -18.59 
-18.81  -18.81  -18.40 
-19.15  -19.15  -18.78 
-18.70  -19.27  -19.29 
-18.56  -19.59  -19.58 
-19.90  -19.90  -19.90 
-19.90  -19.90  -19.89 
-19.88  -19.90  -19.90 
-19.62  -19.88  -19.88 
-19.26  -19.43  -16.86 
-18.89  -19.01  -16.66 
-17.75  -16.37  -17.72 
-15.93  -15.93  -15.53 
-15.57  -15.57  -14.09 
-1.12   -1.29   -0.28  
-0.91   -0.19   -0.03  
-0.74   -1.91   -1.39  
# New slice
-0.91   -0.45   -0.62  
-17.93  -17.91  -17.91 
-18.63  -18.62  -18.62 
-18.80  -18.60  -18.80 
-19.08  -19.07  -18.84 
-18.93  -19.33  -19.39 
-19.03  -19.63  -19.68 
-19.93  -19.93  -19.93 
-19.93  -19.93  -19.93 
-19.92  -19.92  -19.92 
-19.92  -19.92  -19.91 
-19.91  -19.90  -19.90 
-19.89  -19.89  -19.89 
-19.86  -19.55  -19.86 
-18.74  -18.74  -16.16 
-17.17  -17.17  -15.83 
-15.37  -14.91  -15.38 
-15.09  -15.09  -13.47 
-0.17   -1.55   -0.58  
-0.23   -1.70   -0.52  
# New slice
-2.31   -2.63   -3.84  
-18.12  -18.15  -18.15 
-18.74  -18.74  -18.74 
-18.73  -18.88  -18.88 
-19.34  -19.10  -19.33 
-19.05  -19.42  -19.57 
-19.64  -19.82  -19.82 
-19.95  -19.95  -19.94 
-19.94  -19.94  -19.94 
-19.93  -19.93  -19.93 
-19.93  -19.93  -19.91 
-19.91  -19.91  -19.90 
-19.89  -19.89  -19.89 
-19.88  -19.88  -19.88 
-19.84  -19.84  -19.84 
-18.15  -18.17  -15.62 
-15.42  -16.26  -16.26 
-14.89  -14.89  -13.13 
-2.20   -1.08   -1.12  
-1.29   -1.75   -1.13  
# New slice
-0.59   -1.16   -0.48  
-18.14  -18.17  -18.15 
-18.79  -18.84  -18.84 
-18.84  -18.96  -18.96 
-19.39  -19.39  -19.17 
-19.13  -19.49  -19.62 
-19.61  -19.75  -19.82 
-19.91  -19.95  -19.95 
-19.92  -19.95  -19.95 
-19.97  -19.97  -19.97 
-19.97  -19.94  -19.97 
-19.93  -19.93  -19.89 
-19.90  -19.90  -19.88 
-19.87  -19.87  -19.87 
-19.85  -19.85  -19.85 
-19.46  -19.46  -17.24 
-16.87  -16.77  -15.18 
-14.47  -14.46  -13.26 
-14.35  -14.35  -12.44 
-1.56   -0.79   -1.35  
# New slice
-0.94   -1.48   -0.99  
-18.18  -18.19  -18.20 
-18.88  -18.76  -18.88 
-18.94  -19.02  -19.02 
-19.43  -19.25  -19.43 
-19.27  -19.48  -19.55 
-19.48  -19.74  -19.76 
-19.93  -19.96  -19.96 
-19.94  -19.97  -19.97 
-19.95  -19.99  -19.99 
-19.99  -19.99  -19.92 
-19.95  -19.95  -19.89 
-19.92  -19.92  -19.87 
-19.87  -19.87  -19.86 
-19.85  -19.85  -19.84 
-19.81  -19.81  -19.81 
-16.92  -16.67  -14.72 
-14.59  -14.59  -14.34 
-14.02  -14.01  -11.69 
-1.04   -1.01   -1.90  
# New slice
-0.58   -1.44   -0.93  
-18.02  -17.14  -18.03 
-18.80  -18.83  -18.83 
-19.02  -19.07  -19.07 
-19.25  -19.29  -19.29 
-19.35  -19.53  -19.53 
-19.43  -19.68  -19.70 
-19.57  -19.86  -19.89 
-19.93  -19.97  -19.97 
-19.94  -19.97  -19.97 
-19.95  -19.98  -19.98 
-19.95  -19.94  -19.86 
-19.92  -19.91  -19.85 
-19.85  -19.85  -19.84 
-19.84  -19.83  -19.83 
-19.80  -19.80  -19.79 
-17.30  -16.70  -14.24 
-15.62  -15.60  -14.03 
-13.57  -11.28  -13.56 
-0.50   -1.55   -1.76  
# New slice
-1.24   -1.17   -0.20  
-9.63   -9.00   -9.36  
-18.78  -18.77  -18.78 
-19.05  -19.04  -19.05 
-19.24  -19.27  -19.27 
-19.52  -19.52  -19.43 
-19.45  -19.65  -19.65 
-19.83  -19.53  -19.81 
-19.91  -19.91  -19.67 
-19.92  -19.92  -19.92 
-19.93  -19.93  -19.93 
-19.92  -19.92  -19.80 
-19.89  -19.88  -19.82 
-19.82  -19.78  -19.82 
-19.81  -19.81  -19.81 
-19.78  -19.78  -19.78 
-17.21  -16.64  -13.37 
-15.50  -15.48  -13.56 
-13.16  -13.17  -10.87 
-1.63   -0.75   -0.17  
# New slice
-0.16   -1.87   -0.95  
-1.98   -2.38   -2.28  
-18.01  -18.09  -18.09 
-18.96  -19.03  -19.03 
-19.23  -19.23  -19.23 
-19.42  -19.45  -19.45 
-19.48  -19.57  -19.57 
-19.52  -19.73  -19.74 
-19.58  -19.82  -19.82 
-19.61  -19.85  -19.84 
-19.66  -19.85  -19.86 
-19.85  -19.85  -19.75 
-19.76  -19.83  -19.83 
-19.79  -19.77  -19.79 
-19.78  -19.79  -19.78 
-19.74  -19.74  -19.74 
-16.35  -15.82  -12.73 
-13.10  -14.03  -14.03 
-12.53  -12.56  -10.01 
-0.83   -0.73   -1.42  
# New slice
-0.23   -0.88   -0.24  
-0.88   -0.90   -0.86  
-7.89   -7.48   -8.02  
-18.77  -18.79  -18.79 
-19.07  -19.13  -19.13 
-19.38  -19.38  -19.38 
-19.49  -19.50  -19.50 
-19.54  -19.55  -19.55 
-19.58  -19.64  -19.63 
-19.73  -19.63  -19.73 
-19.67  -19.76  -19.76 
-19.70  -19.74  -19.74 
-19.73  -19.74  -19.74 
-19.75  -19.75  -19.75 
-19.74  -19.74  -19.74 
-19.65  -19.66  -19.65 
-15.43  -15.42  -12.27 
-11.82  -12.13  -12.12 
-11.65  -11.68  -9.50  
-1.35   -1.10   -1.08  
# New slice
-1.66   -1.95   -1.92  
-1.54   -1.23   -1.30  
-1.62   -1.60   -1.55  
-12.14  -12.68  -12.25 
-18.94  -18.94  -18.92 
-19.24  -19.23  -19.23 
-19.45  -19.44  -19.44 
-19.52  -19.53  -19.53 
-19.58  -19.58  -19.58 
-19.62  -19.62  -19.62 
-19.65  -19.66  -19.65 
-19.68  -19.68  -19.68 
-19.69  -19.69  -19.69 
-19.69  -19.69  -19.69 
-19.66  -19.66  -19.66 
-15.10  -15.57  -11.02 
-11.53  -14.45  -14.47 
-9.19   -11.44  -11.42 
-9.57   -9.58   -8.44  
-1.98   -1.45   -0.26  
# New slice
-0.79   -2.00   -1.74  
-1.68   -1.07   -1.20  
-0.06   -0.32   -1.85  
-3.62   -2.76   -2.73  
-12.93  -12.93  -12.72 
-18.91  -18.92  -18.92 
-19.30  -19.29  -19.29 
-19.38  -19.39  -19.38 
-19.51  -19.51  -19.51 
-19.56  -19.56  -19.56 
-19.59  -19.59  -19.59 
-19.59  -19.59  -19.59 
-19.60  -19.60  -19.60 
-19.59  -19.59  -19.59 
-18.46  -16.44  -18.45 
-14.17  -14.19  -10.43 
-10.98  -10.27  -10.82 
-10.28  -10.29  -7.23  
-4.33   -3.97   -4.05  
-0.98   -0.37   -0.22  
# New slice
-1.58   -0.33   -0.18  
-0.25   -0.16   -0.57  
-1.78   -1.66   -1.79  
-1.00   -1.56   -0.63  
-4.62   -4.40   -4.73  
-11.55  -11.79  -11.60 
-18.86  -18.85  -18.86 
-19.25  -19.24  -19.24 
-19.39  -19.39  -19.39 
-19.44  -19.44  -19.44 
-19.48  -19.48  -19.48 
-19.51  -19.51  -19.51 
-19.47  -19.47  -19.47 
-18.98  -17.82  -18.97 
-14.11  -13.99  -9.23  
-9.75   -12.24  -12.25 
-7.95   -9.43   -9.47  
-7.88   -7.88   -6.50  
-0.18   -1.04   -0.67  
-0.83   -0.82   -1.95  
# New slice
-0.84   -1.78   -0.30  
-0.83   -1.60   -0.94  
-0.58   -1.22   -0.50  
-0.96   -1.10   -1.41  
-1.60   -1.78   -1.70  
-3.29   -3.05   -3.71  
-12.51  -12.14  -12.34 
-13.63  -14.22  -14.26 
-18.42  -18.46  -18.44 
-18.82  -18.95  -18.95 
-18.98  -18.96  -18.96 
-18.79  -18.78  -18.77 
-12.36  -12.40  -10.29 
-10.88  -10.85  -6.84  
-10.35  -10.37  -7.86  
-8.27   -8.26   -8.29  
-6.76   -6.86   -4.31  
-5.25   -5.11   -5.27  
-0.62   -0.51   -1.88  
-1.40   -1.99   -1.82  
# New slice
-1.70   -0.87   -1.60  
-0.26   -0.24   -0.37  
-1.95   -0.26   -1.78  
-0.28   -1.05   -1.72  
-1.02   -1.94   -1.77  
-0.10   -1.94   -1.24  
-1.81   -2.17   -1.99  
-9.73   -9.56   -9.47  
-12.66  -12.57  -12.70 
-12.68  -12.70  -12.68 
-12.11  -12.16  -12.08 
-11.10  -10.41  -11.07 
-8.67   -8.71   -7.09  
-7.93   -7.92   -5.84  
-6.93   -6.65   -6.94  
-5.36   -4.33   -5.40  
-3.82   -3.86   -3.47  
-0.75   -1.69   -1.43  
-0.32   -1.60   -0.04  
-1.82   -1.48   -0.23  
# New slice
-1.05   -0.44   -0.35  
-0.48   -0.15   -0.72  
-0.13   -1.70   -1.50  
-1.88   -0.50   -0.90  
-1.44   -0.34   -1.00  
-1.01   -0.23   -0.90  
-0.29   -1.29   -1.51  
-1.61   -1.68   -1.39  
-6.64   -6.74   -7.00  
-8.49   -8.08   -8.03  
-8.24   -8.24   -8.26  
-7.30   -7.23   -4.19  
-6.20   -1.65   -6.20  
-5.00   -3.45   -4.97  
-3.79   -3.85   -3.89  
-3.08   -3.10   -1.99  
-2.30   -1.82   -2.36  
-0.72   -1.72   -0.37  
-0.21   -0.73   -0.61  
-0.14   -1.03   -0.09  
# New slice
-0.31   -1.83   -0.02  
-0.97   -0.16   -0.88  
-1.03   -1.88   -1.89  
-1.56   -1.28   -0.43  
-1.43   -0.13   -0.32  
-1.07   -1.56   -0.14  
-1.08   -0.38   -0.09  
-1.29   -1.13   -1.23  
-1.51   -0.88   -0.29  
-2.46   -2.78   -2.51  
-2.87   -2.91   -0.86  
-2.06   0.00    -2.01  
-0.83   0.00    -0.82  
-1.00   -1.11   -1.16  
-0.44   -1.35   0.00   
-1.89   -1.65   0.00   
-1.53   -1.11   0.00   
-1.29   -0.96   -0.14  
-0.76   -1.53   -1.28  
-0.68   -0.75   -0.23  
# New slice
-1.90   -0.57   -1.36  
-1.48   -1.14   -0.78  
-1.03   -0.73   -0.45  
-0.21   -1.67   -0.17  
-1.93   -1.55   -1.87  
-0.35   -1.38   -0.84  
-0.33   -1.81   -0.93  
-1.35   -0.94   -0.22  
-1.79   -0.66   -1.58  
-1.53   -1.35   -1.36  
-1.79   -0.76   -1.50  
-1.26   -0.13   -1.94  
-0.95   -1.47   -0.95  
-0.56   -0.01   -0.31  
-1.14   -1.45   -1.07  
-0.10   -0.83   -0.51  
-0.64   -0.44   -1.17  
-0.26   -0.32   -0.90  
-0.56   -0.92   -1.23  
-1.86   -0.80   -0.74  
# New slice
