0 0.6
500 0.5760959999999761
1000 0.5520959999999521
1500 0.5280959999999281
2000 0.5040959999999041
2500 0.4800959999999031
3000 0.45609599999990685
3500 0.4320959999999106
4000 0.40809599999991436
4500 0.3840959999999181
5000 0.36009599999992187
5500 0.3360959999999256
6000 0.3120959999999294
6500 0.28809599999993313
7000 0.2640959999999369
7500 0.24009599999994063
8000 0.2160959999999444
8500 0.19209599999994814
9000 0.1680959999999519
9500 0.14409599999995565
10000 0.12009599999995797
10500 0.09609599999995479
11000 0.0720959999999516
11500 0.048095999999950505
12000 0.02409599999995079
12500 9.599999995096127e-05
13000 9.599999995096127e-05
13500 9.599999995096127e-05
14000 9.599999995096127e-05
14500 9.599999995096127e-05
15000 9.599999995096127e-05
15500 9.599999995096127e-05
16000 9.599999995096127e-05
16500 9.599999995096127e-05
17000 9.599999995096127e-05
17500 9.599999995096127e-05
18000 9.599999995096127e-05
18500 9.599999995096127e-05
19000 9.599999995096127e-05
19500 9.599999995096127e-05
20000 9.599999995096127e-05
20500 9.599999995096127e-05
21000 9.599999995096127e-05
21500 9.599999995096127e-05
22000 9.599999995096127e-05
22500 9.599999995096127e-05
23000 9.599999995096127e-05
23500 9.599999995096127e-05
24000 9.599999995096127e-05
24500 9.599999995096127e-05
